-85
403
-654
214
-73
-692
775
-120
-593
-387
-238
-745
-639
240
-298
347
-196
-753
482
-887
704
379
425
-73
-684
707
-592
-396
-181
48
-421
210
-23
-42
123
-34
671
-288
-325
913
380
542
687
-444
-346
223
-307
-850
494
-636
436
614
-319
-316
-292
596
-139
-390
269
33
-991
-118
662
-205
-668
899
150
-415
777
-105
574
45
-601
-722
829
-665
167
-118
8
-467
570
50
-796
608
-362
860
-137
-417
-131
403
809
219
170
-606
-231
12
-737
449
-805
-891
-422
-155
865
-770
770
777
596
-872
-406
291
-308
-865
-782
-227
716
-54
-489
-337
789
-801
-640
-762
929
420
-600
-101
-897
-813
-448
782
-565
-940
467
-770
-704
-589
-805
-207
-951
212
-502
-581
-809
-39
873
-419
97
-638
-903
-393
-94
142
-660
-232
-566
556
661
589
-495
155
-641
111
802
921
-349
199
618
199
-503
-999
-941
-857
-102
-989
184
744
-845
-137
-8
-66
-918
937
671
-789
-336
504
389
356
-118
-886
423
-894
703
711
-372
316
-829
321
227
995
449
98
-761
323
367
-577
650
-249
-671
228
-559
711
-998
-396
908
181
-324
835
-252
329
-202
600
80
-342
-667
537
-893
-434
733
-365
843
-86
551
-132
961
115
-333
-620
-310
242
-458
-530
787
-796
-432
-881
-169
286
-721
790
-793
-487
381
-906
-44
-658
-968
-955
39
764
-771
126
525
-825
350
-608
-797
-516
800
514
646
933
964
884
-201
935
270
191
274
255
425
-163
59
-378
302
-855
-76
229
-473
-218
263
800
198
-358
778
91
989
-445
779
613
-474
-568
-700
-96
236
359
-509
550
-531
919
314
-251
37
-649
-733
136
-357
661
396
-110
680
571
600
51
878
-939
-934
705
373
925
407
-662
-300
-443
80
-393
-743
211
245
242
-479
196
-944
-494
123
720
-9
-116
-185
81
-68
413
-491
459
973
189
-614
675
267
-926
-708
-152
328
118
134
664
734
-95
994
247
-680
-62
652
880
139
845
-280
-579
711
-614
963
296
534
258
805
-308
569
64
-271
-468
660
-480
958
-700
-919
657
943
-295
338
-928
-859
830
774
265
-62
-824
-395
231
994
-99
-182
-956
420
114
897
-97
-444
414
370
261
747
333
-280
286
436
301
-897
408
-838
131
-707
935
-590
758
970
207
-950
855
-835
1
-96
804
-124
604
645
-931
-726
230
741
317
-666
200
-367
-575
499
763
-723
210
137
-251
933
818
-646
-217
684
463
233
809
247
66
315
-487
-380
-980
-265
-66
-659
-435
-661
614
747
-275
188
-995
-55
-182
408
990
-5
843
-236
-391
-604
1
-553
959
-211
405
999
449
340
-452
966
123
470
510
-582
-580
-708
-482
-502
-472
235
701
-535
-74
952
22
538
101
729
-729
929
744
-76
746
-756
-921
459
-739
231
-816
413
-371
23
416
571
-988
-437
982
84
-31
-955
-727
-384
-239
-838
-632
319
472
623
-79
-30
-348
-146
-185
214
734
-292
679
-201
-590
845
322
876
633
82
534
898
-965
-957
-54
-416
317
775
988
-245
544
-198
-464
157
-963
327
-257
-78
-41
-288
-804
288
-135
-343
691
332
-860
-671
-319
97
-303
664
-219
-202
702
331
-591
-765
380
19
343
-538
131
492
-373
277
-949
-170
142
68
139
-705
-277
672
403
1
-284
-200
-792
738
244
-886
-693
-288
127
-579
-942
-367
863
625
-62
-161
505
-508
-294
-370
-857
701
189
640
-786
853
195
132
540
-859
288
-285
797
-992
44
367
288
14
-134
-620
-364
657
-172
168
-944
692
998
434
660
-878
-513
515
-371
516
90
-902
212
364
102
-219
-888
769
-967
-900
-95
540
-435
-988
425
50
-158
-279
411
-160
-100
-637
525
9
-583
-158
-816
964
387
-805
703
566
-708
-730
649
-394
-299
363
-724
506
694
737
-244
523
-965
-387
347
-132
244
-900
-67
113
642
885
-841
-280
297
-820
-32
-582
990
561
-542
-902
14
-519
870
467
2
283
787
110
-82
830
-944
-410
162
-670
-369
-958
-315
-115
-477
-683
894
-128
543
830
-211
10
-956
802
-178
135
-506
-710
743
-17
-676
391
632
782
570
-453
150
-832
269
-197
-890
213
-279
-840
-735
-927
761
262
-147
-685
-155
-44
417
-682
-221
-569
933
-730
395
-825
218
566
183
-406
741
84
947
118
481
-963
244
-56
-384
-201
-270
-902
-181
911
127
-828
-763
765
396
705
929
195
394
-909
-261
-233
974
421
-714
-939
136
895
-643
-194
718
-349
707
-87
-86
562
288
716
289
-534
-710
607
500
-414
-141
-71
-790
-461
949
-865
-757
-409
-781
-153
862
-327
348
241
-840
642
-701
872
-983
238
947
317
-9
-82
903
166
-9
471
-249
-567
-659
599
208
-994
223
918
854
287
286
636
-349
-659
140
372
-379
231
709
5
945
657
-435
-344
-76
159
-732
-331
235
-298
624
538
760
-33
-738
-999
-468
694
740
871
169
-454
-543
-905
-346
309
446
-308
-10
504
-662
687
-362
-761
-497
768
751
97
820
355
296
714
-998
-459
-295
508
-111
644
849
-941
-501
-935
918
-27
269
-56
663
34
-222
743
896
568
632
-860
457
31
905
376
-493
681
-4
-647
-369
838
573
-242
1000
-547
248
28
544
964
-967
716
544
356
-468
14
459
-194
-672
-554
640
673
406
